start time 0.000000
signal  0.000020
network init  3.154366
i= 0
image makeImage 6.270988
image remove 6.271317
0
image getImage 6.683481
image read 6.686552
cvt color 6.688428
transform 6.692987
detection 6.861192
detectionResults [(b'la', 0.9994744658470154, (58.73213577270508, 156.17723083496094, 74.60140991210938, 34.164669036865234)), (b'do', 0.9994544386863708, (568.9312133789062, 547.4248657226562, 62.09510040283203, 15.127191543579102)), (b'so', 0.999117910861969, (387.73260498046875, 453.60986328125, 70.4214859008789, 24.47098731994629)), (b'la', 0.998731255531311, (269.3858947753906, 480.56317138671875, 62.880577087402344, 23.706892013549805)), (b'la', 0.9985926747322083, (530.90087890625, 351.5072021484375, 69.72210693359375, 30.13627052307129)), (b'la', 0.9978374242782593, (334.1743469238281, 193.56842041015625, 48.306121826171875, 25.376766204833984)), (b'so', 0.9973673224449158, (329.2343444824219, 157.72683715820312, 60.517059326171875, 23.338258743286133)), (b'la', 0.9970213770866394, (392.9844665527344, 489.6661376953125, 59.51023864746094, 22.980459213256836)), (b'so', 0.996934175491333, (226.03564453125, 245.09564208984375, 62.42418670654297, 17.758867263793945)), (b'la', 0.9965360164642334, (124.05439758300781, 476.4513244628906, 67.112060546875, 28.1364688873291)), (b'la', 0.9906351566314697, (562.0999755859375, 514.1403198242188, 58.51228713989258, 20.06332778930664)), (b'fa', 0.9790445566177368, (103.88417053222656, 391.11077880859375, 63.96330261230469, 22.01407814025879)), (b'so', 0.975633978843689, (117.71681213378906, 435.442138671875, 65.41209411621094, 24.801103591918945)), (b'do', 0.961947500705719, (285.235107421875, 520.2957763671875, 56.89409637451172, 18.980588912963867)), (b'so', 0.9572345018386841, (56.835777282714844, 115.65514373779297, 63.35790252685547, 17.52725601196289)), (b'so', 0.9526042938232422, (340.71441650390625, 222.94189453125, 56.572486877441406, 17.133169174194336)), (b'la', 0.9285356998443604, (556.615234375, 476.9429626464844, 66.2868881225586, 26.17389488220215)), (b'fa', 0.926048994064331, (377.0357666015625, 417.21783447265625, 63.08985900878906, 20.438892364501953)), (b'so', 0.9156662821769714, (535.0528564453125, 393.9736022949219, 59.568321228027344, 17.326330184936523)), (b'la', 0.9052097201347351, (296.9764404296875, 26.081769943237305, 68.65670013427734, 26.397480010986328)), (b'la', 0.8810288906097412, (235.83409118652344, 284.7495422363281, 64.02470397949219, 15.64942455291748)), (b'so', 0.8085517883300781, (399.0248107910156, 521.92041015625, 60.666786193847656, 20.22054100036621)), (b'fa', 0.7933775186538696, (507.64422607421875, 271.7020263671875, 65.51895904541016, 13.461942672729492)), (b'so', 0.7668794393539429, (85.15936279296875, 279.0483703613281, 64.80101013183594, 35.5473747253418)), (b'la', 0.7468323707580566, (94.00530242919922, 326.45050048828125, 77.03050231933594, 33.277740478515625)), (b'do', 0.6597148180007935, (213.7772979736328, 206.23362731933594, 59.21128845214844, 19.852479934692383)), (b'so', 0.6240989565849304, (230.60818481445312, 312.6263732910156, 68.45259857177734, 15.236334800720215)), (b'fa', 0.6178188323974609, (290.7309875488281, 571.5201416015625, 63.09918212890625, 13.462316513061523)), (b'fa', 0.6013345122337341, (253.7381591796875, 385.33709716796875, 57.3616828918457, 17.468137741088867)), (b'so', 0.5305200219154358, (70.4018325805664, 192.78570556640625, 61.27864456176758, 19.525917053222656))]
removedResults [(b'do', 0.9994544386863708, (568.9312133789062, 547.4248657226562, 62.09510040283203, 15.127191543579102)), (b'la', 0.9906351566314697, (562.0999755859375, 514.1403198242188, 58.51228713989258, 20.06332778930664)), (b'la', 0.9285356998443604, (556.615234375, 476.9429626464844, 66.2868881225586, 26.17389488220215)), (b'so', 0.9156662821769714, (535.0528564453125, 393.9736022949219, 59.568321228027344, 17.326330184936523)), (b'la', 0.9985926747322083, (530.90087890625, 351.5072021484375, 69.72210693359375, 30.13627052307129)), (b'fa', 0.7933775186538696, (507.64422607421875, 271.7020263671875, 65.51895904541016, 13.461942672729492))]
currentNote 6.861334
currentNote [('C5', 'q'), ('A4', 'q'), ('A4', 'q'), ('G4', 'q'), ('A4', 'q'), ('F4', 'q')]
[(b'la', 0.9994744658470154, (58.73213577270508, 156.17723083496094, 74.60140991210938, 34.164669036865234)), (b'do', 0.9994544386863708, (568.9312133789062, 547.4248657226562, 62.09510040283203, 15.127191543579102)), (b'so', 0.999117910861969, (387.73260498046875, 453.60986328125, 70.4214859008789, 24.47098731994629)), (b'la', 0.998731255531311, (269.3858947753906, 480.56317138671875, 62.880577087402344, 23.706892013549805)), (b'la', 0.9985926747322083, (530.90087890625, 351.5072021484375, 69.72210693359375, 30.13627052307129)), (b'la', 0.9978374242782593, (334.1743469238281, 193.56842041015625, 48.306121826171875, 25.376766204833984)), (b'so', 0.9973673224449158, (329.2343444824219, 157.72683715820312, 60.517059326171875, 23.338258743286133)), (b'la', 0.9970213770866394, (392.9844665527344, 489.6661376953125, 59.51023864746094, 22.980459213256836)), (b'so', 0.996934175491333, (226.03564453125, 245.09564208984375, 62.42418670654297, 17.758867263793945)), (b'la', 0.9965360164642334, (124.05439758300781, 476.4513244628906, 67.112060546875, 28.1364688873291)), (b'la', 0.9906351566314697, (562.0999755859375, 514.1403198242188, 58.51228713989258, 20.06332778930664)), (b'fa', 0.9790445566177368, (103.88417053222656, 391.11077880859375, 63.96330261230469, 22.01407814025879)), (b'so', 0.975633978843689, (117.71681213378906, 435.442138671875, 65.41209411621094, 24.801103591918945)), (b'do', 0.961947500705719, (285.235107421875, 520.2957763671875, 56.89409637451172, 18.980588912963867)), (b'so', 0.9572345018386841, (56.835777282714844, 115.65514373779297, 63.35790252685547, 17.52725601196289)), (b'so', 0.9526042938232422, (340.71441650390625, 222.94189453125, 56.572486877441406, 17.133169174194336)), (b'la', 0.9285356998443604, (556.615234375, 476.9429626464844, 66.2868881225586, 26.17389488220215)), (b'fa', 0.926048994064331, (377.0357666015625, 417.21783447265625, 63.08985900878906, 20.438892364501953)), (b'so', 0.9156662821769714, (535.0528564453125, 393.9736022949219, 59.568321228027344, 17.326330184936523)), (b'la', 0.9052097201347351, (296.9764404296875, 26.081769943237305, 68.65670013427734, 26.397480010986328)), (b'la', 0.8810288906097412, (235.83409118652344, 284.7495422363281, 64.02470397949219, 15.64942455291748)), (b'so', 0.8085517883300781, (399.0248107910156, 521.92041015625, 60.666786193847656, 20.22054100036621)), (b'fa', 0.7933775186538696, (507.64422607421875, 271.7020263671875, 65.51895904541016, 13.461942672729492)), (b'so', 0.7668794393539429, (85.15936279296875, 279.0483703613281, 64.80101013183594, 35.5473747253418)), (b'la', 0.7468323707580566, (94.00530242919922, 326.45050048828125, 77.03050231933594, 33.277740478515625)), (b'do', 0.6597148180007935, (213.7772979736328, 206.23362731933594, 59.21128845214844, 19.852479934692383)), (b'so', 0.6240989565849304, (230.60818481445312, 312.6263732910156, 68.45259857177734, 15.236334800720215)), (b'fa', 0.6178188323974609, (290.7309875488281, 571.5201416015625, 63.09918212890625, 13.462316513061523)), (b'fa', 0.6013345122337341, (253.7381591796875, 385.33709716796875, 57.3616828918457, 17.468137741088867)), (b'so', 0.5305200219154358, (70.4018325805664, 192.78570556640625, 61.27864456176758, 19.525917053222656))]
b'la'
0.9994744658470154
(58.73213577270508, 156.17723083496094, 74.60140991210938, 34.164669036865234)
b'do'
0.9994544386863708
(568.9312133789062, 547.4248657226562, 62.09510040283203, 15.127191543579102)
b'so'
0.999117910861969
(387.73260498046875, 453.60986328125, 70.4214859008789, 24.47098731994629)
b'la'
0.998731255531311
(269.3858947753906, 480.56317138671875, 62.880577087402344, 23.706892013549805)
b'la'
0.9985926747322083
(530.90087890625, 351.5072021484375, 69.72210693359375, 30.13627052307129)
b'la'
0.9978374242782593
(334.1743469238281, 193.56842041015625, 48.306121826171875, 25.376766204833984)
b'so'
0.9973673224449158
(329.2343444824219, 157.72683715820312, 60.517059326171875, 23.338258743286133)
b'la'
0.9970213770866394
(392.9844665527344, 489.6661376953125, 59.51023864746094, 22.980459213256836)
b'so'
0.996934175491333
(226.03564453125, 245.09564208984375, 62.42418670654297, 17.758867263793945)
b'la'
0.9965360164642334
(124.05439758300781, 476.4513244628906, 67.112060546875, 28.1364688873291)
b'la'
0.9906351566314697
(562.0999755859375, 514.1403198242188, 58.51228713989258, 20.06332778930664)
b'fa'
0.9790445566177368
(103.88417053222656, 391.11077880859375, 63.96330261230469, 22.01407814025879)
b'so'
0.975633978843689
(117.71681213378906, 435.442138671875, 65.41209411621094, 24.801103591918945)
b'do'
0.961947500705719
(285.235107421875, 520.2957763671875, 56.89409637451172, 18.980588912963867)
b'so'
0.9572345018386841
(56.835777282714844, 115.65514373779297, 63.35790252685547, 17.52725601196289)
b'so'
0.9526042938232422
(340.71441650390625, 222.94189453125, 56.572486877441406, 17.133169174194336)
b'la'
0.9285356998443604
(556.615234375, 476.9429626464844, 66.2868881225586, 26.17389488220215)
b'fa'
0.926048994064331
(377.0357666015625, 417.21783447265625, 63.08985900878906, 20.438892364501953)
b'so'
0.9156662821769714
(535.0528564453125, 393.9736022949219, 59.568321228027344, 17.326330184936523)
b'la'
0.9052097201347351
(296.9764404296875, 26.081769943237305, 68.65670013427734, 26.397480010986328)
b'la'
0.8810288906097412
(235.83409118652344, 284.7495422363281, 64.02470397949219, 15.64942455291748)
b'so'
0.8085517883300781
(399.0248107910156, 521.92041015625, 60.666786193847656, 20.22054100036621)
b'fa'
0.7933775186538696
(507.64422607421875, 271.7020263671875, 65.51895904541016, 13.461942672729492)
b'so'
0.7668794393539429
(85.15936279296875, 279.0483703613281, 64.80101013183594, 35.5473747253418)
b'la'
0.7468323707580566
(94.00530242919922, 326.45050048828125, 77.03050231933594, 33.277740478515625)
b'do'
0.6597148180007935
(213.7772979736328, 206.23362731933594, 59.21128845214844, 19.852479934692383)
b'so'
0.6240989565849304
(230.60818481445312, 312.6263732910156, 68.45259857177734, 15.236334800720215)
b'fa'
0.6178188323974609
(290.7309875488281, 571.5201416015625, 63.09918212890625, 13.462316513061523)
b'fa'
0.6013345122337341
(253.7381591796875, 385.33709716796875, 57.3616828918457, 17.468137741088867)
b'so'
0.5305200219154358
(70.4018325805664, 192.78570556640625, 61.27864456176758, 19.525917053222656)
bounding box 6.864604
newNote 6.864609
music list extend 6.864610
musicList [('C5', 'q'), ('A4', 'q'), ('A4', 'q'), ('G4', 'q'), ('A4', 'q'), ('F4', 'q')]
i= 1
image makeImage 8.536667
image remove 8.536945
0
image getImage 8.933596
image read 8.936315
cvt color 8.937610
transform 8.941985
detection 9.014548
detectionResults [(b'so', 0.9992959499359131, (386.03875732421875, 453.5306091308594, 70.40985107421875, 23.259897232055664)), (b'la', 0.9987119436264038, (332.54742431640625, 194.1562957763672, 59.067115783691406, 23.06023597717285)), (b'la', 0.998380184173584, (531.05615234375, 351.3252868652344, 69.62450408935547, 29.04311752319336)), (b'la', 0.9979470372200012, (269.1327209472656, 480.764404296875, 62.80425262451172, 23.500537872314453)), (b'do', 0.9973308444023132, (565.7159423828125, 547.5541381835938, 62.56813049316406, 15.609546661376953)), (b'la', 0.9972627758979797, (123.98160552978516, 476.2388610839844, 67.65743255615234, 28.558006286621094)), (b'la', 0.9971824288368225, (391.0697937011719, 489.5343322753906, 64.7701644897461, 22.747028350830078)), (b'la', 0.9971605539321899, (61.07466125488281, 156.74293518066406, 69.08148193359375, 34.704349517822266)), (b'so', 0.9923357963562012, (328.9440002441406, 157.77566528320312, 58.037967681884766, 24.374271392822266)), (b'so', 0.990458071231842, (501.23797607421875, 237.19271850585938, 61.27246856689453, 17.274105072021484)), (b'do', 0.989453911781311, (521.0352783203125, 303.70391845703125, 59.08937454223633, 17.327152252197266)), (b'so', 0.9887537956237793, (55.28539276123047, 117.55181884765625, 68.15888977050781, 21.315319061279297)), (b'la', 0.9849342703819275, (234.70750427246094, 284.8728332519531, 62.59368133544922, 17.107507705688477)), (b'so', 0.9842093586921692, (116.13411712646484, 435.80950927734375, 64.6907730102539, 24.517417907714844)), (b'fa', 0.9731383919715881, (377.5052795410156, 417.1839294433594, 62.43457794189453, 21.363449096679688)), (b'fa', 0.9717614650726318, (105.0145492553711, 391.1953125, 63.606895446777344, 21.439556121826172)), (b'do', 0.960381269454956, (285.6143798828125, 520.8253173828125, 55.23855209350586, 19.209749221801758)), (b'so', 0.959780752658844, (205.00088500976562, 169.40635681152344, 62.5830192565918, 20.834299087524414)), (b'so', 0.9543362855911255, (398.3764343261719, 522.1002197265625, 63.57105255126953, 19.630891799926758)), (b'so', 0.9501145482063293, (200.6022491455078, 127.72969055175781, 63.10646438598633, 20.15259552001953)), (b'la', 0.9274829030036926, (562.6264038085938, 514.0733032226562, 58.465511322021484, 18.24872589111328)), (b'do', 0.9157216548919678, (534.6348266601562, 393.2847595214844, 57.09968948364258, 16.545639038085938)), (b'do', 0.8836791515350342, (224.218994140625, 244.9453582763672, 58.85862731933594, 15.21569538116455)), (b'la', 0.8654793500900269, (93.49859619140625, 327.6843566894531, 76.36709594726562, 31.2170467376709)), (b'so', 0.8642478585243225, (69.21891784667969, 192.85647583007812, 63.24794006347656, 18.411128997802734)), (b'so', 0.771576464176178, (507.3740539550781, 271.7866516113281, 67.35271453857422, 14.984106063842773)), (b'so', 0.7064825892448425, (230.91046142578125, 312.3018493652344, 66.0223617553711, 15.870077133178711)), (b'do', 0.6073160767555237, (214.72625732421875, 206.29849243164062, 59.550392150878906, 19.183713912963867)), (b'so', 0.5847483277320862, (339.8114013671875, 222.25341796875, 54.906734466552734, 15.1602144241333)), (b'fa', 0.577914834022522, (290.44189453125, 571.6428833007812, 65.57894897460938, 13.529133796691895)), (b'so', 0.5540204644203186, (84.79285430908203, 277.8235778808594, 67.26390075683594, 33.71157455444336)), (b'la', 0.5330579280853271, (489.68438720703125, 188.9967041015625, 66.35970306396484, 30.603858947753906))]
removedResults [(b'do', 0.9973308444023132, (565.7159423828125, 547.5541381835938, 62.56813049316406, 15.609546661376953)), (b'la', 0.9274829030036926, (562.6264038085938, 514.0733032226562, 58.465511322021484, 18.24872589111328)), (b'do', 0.9157216548919678, (534.6348266601562, 393.2847595214844, 57.09968948364258, 16.545639038085938)), (b'la', 0.998380184173584, (531.05615234375, 351.3252868652344, 69.62450408935547, 29.04311752319336)), (b'do', 0.989453911781311, (521.0352783203125, 303.70391845703125, 59.08937454223633, 17.327152252197266)), (b'so', 0.771576464176178, (507.3740539550781, 271.7866516113281, 67.35271453857422, 14.984106063842773)), (b'so', 0.990458071231842, (501.23797607421875, 237.19271850585938, 61.27246856689453, 17.274105072021484))]
currentNote 9.014700
currentNote [('C5', 'q'), ('A4', 'q'), ('C5', 'q'), ('A4', 'q'), ('C5', 'q'), ('G4', 'q'), ('G4', 'q')]
[(b'so', 0.9992959499359131, (386.03875732421875, 453.5306091308594, 70.40985107421875, 23.259897232055664)), (b'la', 0.9987119436264038, (332.54742431640625, 194.1562957763672, 59.067115783691406, 23.06023597717285)), (b'la', 0.998380184173584, (531.05615234375, 351.3252868652344, 69.62450408935547, 29.04311752319336)), (b'la', 0.9979470372200012, (269.1327209472656, 480.764404296875, 62.80425262451172, 23.500537872314453)), (b'do', 0.9973308444023132, (565.7159423828125, 547.5541381835938, 62.56813049316406, 15.609546661376953)), (b'la', 0.9972627758979797, (123.98160552978516, 476.2388610839844, 67.65743255615234, 28.558006286621094)), (b'la', 0.9971824288368225, (391.0697937011719, 489.5343322753906, 64.7701644897461, 22.747028350830078)), (b'la', 0.9971605539321899, (61.07466125488281, 156.74293518066406, 69.08148193359375, 34.704349517822266)), (b'so', 0.9923357963562012, (328.9440002441406, 157.77566528320312, 58.037967681884766, 24.374271392822266)), (b'so', 0.990458071231842, (501.23797607421875, 237.19271850585938, 61.27246856689453, 17.274105072021484)), (b'do', 0.989453911781311, (521.0352783203125, 303.70391845703125, 59.08937454223633, 17.327152252197266)), (b'so', 0.9887537956237793, (55.28539276123047, 117.55181884765625, 68.15888977050781, 21.315319061279297)), (b'la', 0.9849342703819275, (234.70750427246094, 284.8728332519531, 62.59368133544922, 17.107507705688477)), (b'so', 0.9842093586921692, (116.13411712646484, 435.80950927734375, 64.6907730102539, 24.517417907714844)), (b'fa', 0.9731383919715881, (377.5052795410156, 417.1839294433594, 62.43457794189453, 21.363449096679688)), (b'fa', 0.9717614650726318, (105.0145492553711, 391.1953125, 63.606895446777344, 21.439556121826172)), (b'do', 0.960381269454956, (285.6143798828125, 520.8253173828125, 55.23855209350586, 19.209749221801758)), (b'so', 0.959780752658844, (205.00088500976562, 169.40635681152344, 62.5830192565918, 20.834299087524414)), (b'so', 0.9543362855911255, (398.3764343261719, 522.1002197265625, 63.57105255126953, 19.630891799926758)), (b'so', 0.9501145482063293, (200.6022491455078, 127.72969055175781, 63.10646438598633, 20.15259552001953)), (b'la', 0.9274829030036926, (562.6264038085938, 514.0733032226562, 58.465511322021484, 18.24872589111328)), (b'do', 0.9157216548919678, (534.6348266601562, 393.2847595214844, 57.09968948364258, 16.545639038085938)), (b'do', 0.8836791515350342, (224.218994140625, 244.9453582763672, 58.85862731933594, 15.21569538116455)), (b'la', 0.8654793500900269, (93.49859619140625, 327.6843566894531, 76.36709594726562, 31.2170467376709)), (b'so', 0.8642478585243225, (69.21891784667969, 192.85647583007812, 63.24794006347656, 18.411128997802734)), (b'so', 0.771576464176178, (507.3740539550781, 271.7866516113281, 67.35271453857422, 14.984106063842773)), (b'so', 0.7064825892448425, (230.91046142578125, 312.3018493652344, 66.0223617553711, 15.870077133178711)), (b'do', 0.6073160767555237, (214.72625732421875, 206.29849243164062, 59.550392150878906, 19.183713912963867)), (b'so', 0.5847483277320862, (339.8114013671875, 222.25341796875, 54.906734466552734, 15.1602144241333)), (b'fa', 0.577914834022522, (290.44189453125, 571.6428833007812, 65.57894897460938, 13.529133796691895)), (b'so', 0.5540204644203186, (84.79285430908203, 277.8235778808594, 67.26390075683594, 33.71157455444336)), (b'la', 0.5330579280853271, (489.68438720703125, 188.9967041015625, 66.35970306396484, 30.603858947753906))]
b'so'
0.9992959499359131
(386.03875732421875, 453.5306091308594, 70.40985107421875, 23.259897232055664)
b'la'
0.9987119436264038
(332.54742431640625, 194.1562957763672, 59.067115783691406, 23.06023597717285)
b'la'
0.998380184173584
(531.05615234375, 351.3252868652344, 69.62450408935547, 29.04311752319336)
b'la'
0.9979470372200012
(269.1327209472656, 480.764404296875, 62.80425262451172, 23.500537872314453)
b'do'
0.9973308444023132
(565.7159423828125, 547.5541381835938, 62.56813049316406, 15.609546661376953)
b'la'
0.9972627758979797
(123.98160552978516, 476.2388610839844, 67.65743255615234, 28.558006286621094)
b'la'
0.9971824288368225
(391.0697937011719, 489.5343322753906, 64.7701644897461, 22.747028350830078)
b'la'
0.9971605539321899
(61.07466125488281, 156.74293518066406, 69.08148193359375, 34.704349517822266)
b'so'
0.9923357963562012
(328.9440002441406, 157.77566528320312, 58.037967681884766, 24.374271392822266)
b'so'
0.990458071231842
(501.23797607421875, 237.19271850585938, 61.27246856689453, 17.274105072021484)
b'do'
0.989453911781311
(521.0352783203125, 303.70391845703125, 59.08937454223633, 17.327152252197266)
b'so'
0.9887537956237793
(55.28539276123047, 117.55181884765625, 68.15888977050781, 21.315319061279297)
b'la'
0.9849342703819275
(234.70750427246094, 284.8728332519531, 62.59368133544922, 17.107507705688477)
b'so'
0.9842093586921692
(116.13411712646484, 435.80950927734375, 64.6907730102539, 24.517417907714844)
b'fa'
0.9731383919715881
(377.5052795410156, 417.1839294433594, 62.43457794189453, 21.363449096679688)
b'fa'
0.9717614650726318
(105.0145492553711, 391.1953125, 63.606895446777344, 21.439556121826172)
b'do'
0.960381269454956
(285.6143798828125, 520.8253173828125, 55.23855209350586, 19.209749221801758)
b'so'
0.959780752658844
(205.00088500976562, 169.40635681152344, 62.5830192565918, 20.834299087524414)
b'so'
0.9543362855911255
(398.3764343261719, 522.1002197265625, 63.57105255126953, 19.630891799926758)
b'so'
0.9501145482063293
(200.6022491455078, 127.72969055175781, 63.10646438598633, 20.15259552001953)
b'la'
0.9274829030036926
(562.6264038085938, 514.0733032226562, 58.465511322021484, 18.24872589111328)
b'do'
0.9157216548919678
(534.6348266601562, 393.2847595214844, 57.09968948364258, 16.545639038085938)
b'do'
0.8836791515350342
(224.218994140625, 244.9453582763672, 58.85862731933594, 15.21569538116455)
b'la'
0.8654793500900269
(93.49859619140625, 327.6843566894531, 76.36709594726562, 31.2170467376709)
b'so'
0.8642478585243225
(69.21891784667969, 192.85647583007812, 63.24794006347656, 18.411128997802734)
b'so'
0.771576464176178
(507.3740539550781, 271.7866516113281, 67.35271453857422, 14.984106063842773)
b'so'
0.7064825892448425
(230.91046142578125, 312.3018493652344, 66.0223617553711, 15.870077133178711)
b'do'
0.6073160767555237
(214.72625732421875, 206.29849243164062, 59.550392150878906, 19.183713912963867)
b'so'
0.5847483277320862
(339.8114013671875, 222.25341796875, 54.906734466552734, 15.1602144241333)
b'fa'
0.577914834022522
(290.44189453125, 571.6428833007812, 65.57894897460938, 13.529133796691895)
b'so'
0.5540204644203186
(84.79285430908203, 277.8235778808594, 67.26390075683594, 33.71157455444336)
b'la'
0.5330579280853271
(489.68438720703125, 188.9967041015625, 66.35970306396484, 30.603858947753906)
bounding box 9.017988
newNote 9.017997
music list extend 9.017998
musicList [('C5', 'q'), ('A4', 'q'), ('A4', 'q'), ('G4', 'q'), ('A4', 'q'), ('F4', 'q')]
i= 2
image makeImage 10.574051
image remove 10.574333
0
image getImage 10.934008
image read 10.937267
cvt color 10.938551
transform 10.942943
detection 11.012339
detectionResults [(b'do', 0.9994760751724243, (569.3975219726562, 548.1738891601562, 64.28132629394531, 15.040773391723633)), (b'la', 0.998887300491333, (60.25969314575195, 155.86769104003906, 71.59967041015625, 36.039188385009766)), (b'so', 0.9983774423599243, (385.98681640625, 453.4676818847656, 70.3869400024414, 23.940872192382812)), (b'la', 0.997042715549469, (269.2420349121094, 480.6617736816406, 62.55179977416992, 24.769250869750977)), (b'la', 0.9968395233154297, (334.21624755859375, 193.49270629882812, 50.58368682861328, 26.261322021484375)), (b'la', 0.9965792298316956, (392.87811279296875, 489.7178955078125, 59.46759033203125, 22.90766716003418)), (b'la', 0.9955070614814758, (124.13706970214844, 476.0389709472656, 66.43698120117188, 28.57525062561035)), (b'so', 0.9953848719596863, (54.81560134887695, 115.86824035644531, 67.11457824707031, 20.850141525268555)), (b'la', 0.9950745105743408, (530.6863403320312, 351.3190002441406, 68.91895294189453, 29.310989379882812)), (b'so', 0.9948383569717407, (329.2773132324219, 157.54457092285156, 54.417232513427734, 25.237394332885742)), (b'fa', 0.993654191493988, (377.7115173339844, 417.1653137207031, 62.395511627197266, 21.353391647338867)), (b'so', 0.990477442741394, (231.95872497558594, 312.49395751953125, 66.454833984375, 17.771747589111328)), (b'la', 0.9822867512702942, (234.34893798828125, 284.69354248046875, 62.929649353027344, 17.61644172668457)), (b'la', 0.9760834574699402, (562.5271606445312, 513.8554077148438, 59.93307113647461, 18.837289810180664)), (b'fa', 0.9757359623908997, (105.28244018554688, 391.2328796386719, 64.47891235351562, 21.430274963378906)), (b'so', 0.969516396522522, (116.16443634033203, 435.59429931640625, 66.45801544189453, 23.716005325317383)), (b'so', 0.9565632939338684, (340.5625, 222.6221466064453, 56.94389724731445, 17.81008529663086)), (b'do', 0.8909745216369629, (535.08984375, 393.2918395996094, 58.62041091918945, 16.486797332763672)), (b'do', 0.8738353252410889, (285.39947509765625, 521.2338256835938, 57.356040954589844, 21.59754753112793)), (b'so', 0.8578965663909912, (226.2378387451172, 245.71238708496094, 59.75196075439453, 18.920156478881836)), (b'fa', 0.8546795845031738, (254.21353149414062, 384.5610046386719, 62.50772476196289, 15.511693954467773)), (b'so', 0.7974432110786438, (69.04611206054688, 193.06553649902344, 61.073699951171875, 17.744443893432617)), (b'fa', 0.7371012568473816, (263.9817199707031, 441.6053771972656, 57.79901885986328, 27.61529541015625)), (b'la', 0.6253519654273987, (93.4148941040039, 327.06146240234375, 77.59283447265625, 33.352325439453125)), (b'fa', 0.6171506643295288, (502.1433410644531, 238.414306640625, 57.560848236083984, 15.554527282714844)), (b'do', 0.6101108193397522, (297.9729309082031, 21.05483055114746, 63.722293853759766, 14.324771881103516)), (b'la', 0.5200912952423096, (221.96316528320312, 207.31297302246094, 81.21314239501953, 26.054885864257812))]
removedResults [(b'do', 0.9994760751724243, (569.3975219726562, 548.1738891601562, 64.28132629394531, 15.040773391723633)), (b'la', 0.9760834574699402, (562.5271606445312, 513.8554077148438, 59.93307113647461, 18.837289810180664)), (b'do', 0.8909745216369629, (535.08984375, 393.2918395996094, 58.62041091918945, 16.486797332763672)), (b'la', 0.9950745105743408, (530.6863403320312, 351.3190002441406, 68.91895294189453, 29.310989379882812)), (b'fa', 0.6171506643295288, (502.1433410644531, 238.414306640625, 57.560848236083984, 15.554527282714844))]
currentNote 11.012474
currentNote [('C5', 'q'), ('A4', 'q'), ('C5', 'q'), ('A4', 'q'), ('F4', 'q')]
[(b'do', 0.9994760751724243, (569.3975219726562, 548.1738891601562, 64.28132629394531, 15.040773391723633)), (b'la', 0.998887300491333, (60.25969314575195, 155.86769104003906, 71.59967041015625, 36.039188385009766)), (b'so', 0.9983774423599243, (385.98681640625, 453.4676818847656, 70.3869400024414, 23.940872192382812)), (b'la', 0.997042715549469, (269.2420349121094, 480.6617736816406, 62.55179977416992, 24.769250869750977)), (b'la', 0.9968395233154297, (334.21624755859375, 193.49270629882812, 50.58368682861328, 26.261322021484375)), (b'la', 0.9965792298316956, (392.87811279296875, 489.7178955078125, 59.46759033203125, 22.90766716003418)), (b'la', 0.9955070614814758, (124.13706970214844, 476.0389709472656, 66.43698120117188, 28.57525062561035)), (b'so', 0.9953848719596863, (54.81560134887695, 115.86824035644531, 67.11457824707031, 20.850141525268555)), (b'la', 0.9950745105743408, (530.6863403320312, 351.3190002441406, 68.91895294189453, 29.310989379882812)), (b'so', 0.9948383569717407, (329.2773132324219, 157.54457092285156, 54.417232513427734, 25.237394332885742)), (b'fa', 0.993654191493988, (377.7115173339844, 417.1653137207031, 62.395511627197266, 21.353391647338867)), (b'so', 0.990477442741394, (231.95872497558594, 312.49395751953125, 66.454833984375, 17.771747589111328)), (b'la', 0.9822867512702942, (234.34893798828125, 284.69354248046875, 62.929649353027344, 17.61644172668457)), (b'la', 0.9760834574699402, (562.5271606445312, 513.8554077148438, 59.93307113647461, 18.837289810180664)), (b'fa', 0.9757359623908997, (105.28244018554688, 391.2328796386719, 64.47891235351562, 21.430274963378906)), (b'so', 0.969516396522522, (116.16443634033203, 435.59429931640625, 66.45801544189453, 23.716005325317383)), (b'so', 0.9565632939338684, (340.5625, 222.6221466064453, 56.94389724731445, 17.81008529663086)), (b'do', 0.8909745216369629, (535.08984375, 393.2918395996094, 58.62041091918945, 16.486797332763672)), (b'do', 0.8738353252410889, (285.39947509765625, 521.2338256835938, 57.356040954589844, 21.59754753112793)), (b'so', 0.8578965663909912, (226.2378387451172, 245.71238708496094, 59.75196075439453, 18.920156478881836)), (b'fa', 0.8546795845031738, (254.21353149414062, 384.5610046386719, 62.50772476196289, 15.511693954467773)), (b'so', 0.7974432110786438, (69.04611206054688, 193.06553649902344, 61.073699951171875, 17.744443893432617)), (b'fa', 0.7371012568473816, (263.9817199707031, 441.6053771972656, 57.79901885986328, 27.61529541015625)), (b'la', 0.6253519654273987, (93.4148941040039, 327.06146240234375, 77.59283447265625, 33.352325439453125)), (b'fa', 0.6171506643295288, (502.1433410644531, 238.414306640625, 57.560848236083984, 15.554527282714844)), (b'do', 0.6101108193397522, (297.9729309082031, 21.05483055114746, 63.722293853759766, 14.324771881103516)), (b'la', 0.5200912952423096, (221.96316528320312, 207.31297302246094, 81.21314239501953, 26.054885864257812))]
b'do'
0.9994760751724243
(569.3975219726562, 548.1738891601562, 64.28132629394531, 15.040773391723633)
b'la'
0.998887300491333
(60.25969314575195, 155.86769104003906, 71.59967041015625, 36.039188385009766)
b'so'
0.9983774423599243
(385.98681640625, 453.4676818847656, 70.3869400024414, 23.940872192382812)
b'la'
0.997042715549469
(269.2420349121094, 480.6617736816406, 62.55179977416992, 24.769250869750977)
b'la'
0.9968395233154297
(334.21624755859375, 193.49270629882812, 50.58368682861328, 26.261322021484375)
b'la'
0.9965792298316956
(392.87811279296875, 489.7178955078125, 59.46759033203125, 22.90766716003418)
b'la'
0.9955070614814758
(124.13706970214844, 476.0389709472656, 66.43698120117188, 28.57525062561035)
b'so'
0.9953848719596863
(54.81560134887695, 115.86824035644531, 67.11457824707031, 20.850141525268555)
b'la'
0.9950745105743408
(530.6863403320312, 351.3190002441406, 68.91895294189453, 29.310989379882812)
b'so'
0.9948383569717407
(329.2773132324219, 157.54457092285156, 54.417232513427734, 25.237394332885742)
b'fa'
0.993654191493988
(377.7115173339844, 417.1653137207031, 62.395511627197266, 21.353391647338867)
b'so'
0.990477442741394
(231.95872497558594, 312.49395751953125, 66.454833984375, 17.771747589111328)
b'la'
0.9822867512702942
(234.34893798828125, 284.69354248046875, 62.929649353027344, 17.61644172668457)
b'la'
0.9760834574699402
(562.5271606445312, 513.8554077148438, 59.93307113647461, 18.837289810180664)
b'fa'
0.9757359623908997
(105.28244018554688, 391.2328796386719, 64.47891235351562, 21.430274963378906)
b'so'
0.969516396522522
(116.16443634033203, 435.59429931640625, 66.45801544189453, 23.716005325317383)
b'so'
0.9565632939338684
(340.5625, 222.6221466064453, 56.94389724731445, 17.81008529663086)
b'do'
0.8909745216369629
(535.08984375, 393.2918395996094, 58.62041091918945, 16.486797332763672)
b'do'
0.8738353252410889
(285.39947509765625, 521.2338256835938, 57.356040954589844, 21.59754753112793)
b'so'
0.8578965663909912
(226.2378387451172, 245.71238708496094, 59.75196075439453, 18.920156478881836)
b'fa'
0.8546795845031738
(254.21353149414062, 384.5610046386719, 62.50772476196289, 15.511693954467773)
b'so'
0.7974432110786438
(69.04611206054688, 193.06553649902344, 61.073699951171875, 17.744443893432617)
b'fa'
0.7371012568473816
(263.9817199707031, 441.6053771972656, 57.79901885986328, 27.61529541015625)
b'la'
0.6253519654273987
(93.4148941040039, 327.06146240234375, 77.59283447265625, 33.352325439453125)
b'fa'
0.6171506643295288
(502.1433410644531, 238.414306640625, 57.560848236083984, 15.554527282714844)
b'do'
0.6101108193397522
(297.9729309082031, 21.05483055114746, 63.722293853759766, 14.324771881103516)
b'la'
0.5200912952423096
(221.96316528320312, 207.31297302246094, 81.21314239501953, 26.054885864257812)
bounding box 11.015659
newNote 11.015667
music list extend 11.015669
musicList [('C5', 'q'), ('A4', 'q'), ('A4', 'q'), ('G4', 'q'), ('A4', 'q'), ('F4', 'q')]

6
(('C5', 'q'), ('A4', 'q'), ('A4', 'q'), ('G4', 'q'), ('A4', 'q'), ('F4', 'q'))

music list send 23.354647
